PySEBS/DATA/BasicData/dem_jls.asc
ncols         967
nrows         544
xllcorner     121.63896373
yllcorner     40.862262845556
cellsize      0.01
NODATA_value  -9999
[rows 390 to 428 of 544, columns 616 to 703 of 967]
928 888 917 946 937 919 912 922 905 897 938 876 909 890 846 845 861 823 797 791 803 793 765 772 790 814 799 791 789 776 727 742 741 754 767 759 750 752 749 735 739 735 748 715 734 767 728 726 718 712 755 716 700 720 690 701 715 810 803 696 693 695 742 697 669 645 703 678 700 752 871 921 906 1037 1147 992 1098 1047 1048 883 925 833 805 840 823 908 1058 1141
941 919 930 941 958 982 986 992 971 953 970 918 925 911 845 860 829 836 839 830 822 812 789 779 781 813 801 792 798 789 775 760 770 766 772 767 769 775 766 755 748 751 772 753 737 745 808 782 735 805 810 808 831 778 717 751 769 728 693 681 768 724 810 718 657 656 656 678 753 863 837 768 910 1057 1102 1166 1047 1190 1156 1034 1036 928 871 843 817 928 991 1044
948 975 965 920 914 982 1017 1026 1052 982 967 927 910 905 878 876 852 840 821 807 806 799 781 812 809 817 814 809 812 766 774 780 785 771 773 785 789 778 774 764 756 761 766 781 785 768 782 817 773 751 871 883 854 873 801 750 728 732 758 766 777 690 756 663 667 811 749 674 774 698 815 766 823 968 1037 1175 1058 998 1077 1086 1092 1014 1076 976 939 838 964 1006
983 996 1010 1006 1046 933 1017 1052 1036 1123 1080 957 924 921 913 874 843 843 836 860 831 803 801 819 811 826 827 809 817 795 787 796 793 787 793 798 792 787 780 775 758 771 773 763 785 793 794 812 828 812 898 868 831 891 831 903 809 750 819 734 789 796 704 661 791 767 790 715 669 745 837 910 849 974 1071 1067 1024 988 1008 1006 1049 1022 1027 1063 1071 1009 941 1126
975 997 1007 1039 1068 1065 1014 995 1083 1144 1048 956 909 931 894 886 871 865 871 839 824 827 822 831 831 838 840 826 824 789 819 821 827 807 811 813 806 804 804 778 758 758 776 781 794 796 813 826 827 850 847 846 862 813 859 882 879 838 785 800 797 883 731 677 669 768 951 770 717 709 917 861 812 964 989 1010 1045 929 1008 976 1077 950 1046 1138 1176 1096 1115 1037
953 1013 1008 1041 1120 1164 1071 1049 1062 1103 1060 1066 1013 913 913 893 930 846 856 841 838 838 839 834 851 849 839 848 821 786 833 840 846 827 820 824 824 808 904 871 757 770 778 784 794 792 810 833 831 844 871 868 862 849 862 904 1077 865 847 877 857 812 728 721 687 843 967 931 845 730 708 828 880 956 1068 1162 1044 1068 944 919 994 1027 1061 1106 1265 1363 1159 1020
1044 1042 1036 1175 1253 1175 1054 1080 1111 1068 1029 1004 965 945 924 905 890 855 832 853 854 859 849 856 837 859 856 847 827 832 833 851 862 844 840 836 819 810 849 848 748 766 760 777 771 800 822 832 857 880 868 878 880 874 890 983 1010 921 988 897 794 735 737 729 682 853 860 1034 957 869 789 792 801 875 1015 1035 1142 1029 1000 874 1015 1079 953 1102 1192 1245 1132 1010
1014 1064 1136 1317 1128 1054 1038 1097 1227 1084 1033 1018 980 974 945 900 881 881 878 875 870 863 864 875 874 878 875 869 862 863 861 868 861 874 842 945 826 816 805 778 835 770 778 763 767 780 824 962 913 884 885 881 874 881 961 1146 1162 1015 1015 990 854 781 774 725 777 709 910 854 1002 892 881 866 824 836 825 917 978 1088 974 877 904 896 906 1051 1113 1084 1206 1153
1055 1067 1096 1122 1047 1049 1035 1032 1092 1037 1028 1006 984 981 954 912 907 907 896 879 882 902 885 883 879 900 869 886 878 889 890 892 888 884 859 877 843 826 817 807 785 779 774 790 863 817 856 1020 973 893 890 896 902 908 920 1058 1131 1201 1219 1131 914 908 820 786 719 715 743 897 1022 1049 1062 972 1026 1088 962 990 965 958 943 862 944 1053 1007 1030 1023 978 1009 1200
1119 1075 1017 1032 1034 1021 1059 1062 944 1012 991 991 969 942 928 924 929 899 898 893 904 890 892 879 906 906 889 895 890 907 901 920 911 906 907 901 874 865 806 798 799 791 777 840 945 1048 916 1021 974 892 896 902 911 914 908 918 941 1028 1132 1199 1021 1022 862 715 729 793 944 1007 905 1007 884 997 1193 1060 1016 1105 1006 916 861 939 1049 1134 1289 1203 1096 1140 1193 1091
1292 1170 1062 1074 1038 1077 1046 1021 1021 976 938 965 939 909 937 986 973 966 897 903 908 901 905 896 927 916 919 922 900 923 922 929 920 911 942 930 912 1072 958 849 798 783 932 897 1091 1184 1090 962 897 890 902 904 911 929 928 917 922 1009 1205 1303 1180 963 813 735 736 726 742 823 826 808 898 1140 1009 1057 853 924 933 817 923 1068 1258 1248 1219 1298 1199 1170 1153 1125
1311 1175 1094 1071 1089 1076 1057 1032 996 998 975 961 982 992 1015 976 993 962 887 929 930 939 931 922 925 939 938 942 930 943 946 941 942 945 947 951 955 983 1088 962 850 821 811 858 1029 1215 1011 918 900 972 1036 932 925 929 941 984 928 954 993 1081 953 895 782 760 786 775 765 735 741 904 966 1022 831 954 842 825 815 860 910 1111 1127 1129 1219 1118 1227 1174 1018 1120
1146 1078 1172 1080 1077 1154 1191 1144 1010 987 980 984 985 1075 1093 982 954 929 948 934 954 960 965 950 942 944 931 953 935 941 942 953 956 963 967 961 957 952 959 965 992 1005 949 1051 1110 1184 957 890 895 962 1149 981 952 951 956 1053 995 1020 950 915 792 774 761 816 903 908 904 844 787 755 750 759 836 869 785 890 946 1067 1025 1052 996 1003 1060 1132 1217 1144 1059 987
1059 1013 1035 1116 1111 1242 1271 1165 1047 998 989 1003 1004 983 960 969 913 948 964 948 966 962 970 956 934 972 964 966 952 954 964 972 964 979 981 986 988 993 998 986 980 985 1021 1048 1020 1088 1118 942 901 1000 1137 1000 981 981 973 968 989 1033 908 920 862 804 774 833 913 1107 1150 997 872 789 793 817 789 796 841 945 1196 1179 1025 1046 943 1030 1112 1156 1049 1205 1133 942
1032 1015 1092 1111 1159 1203 1100 1165 1079 1013 1006 976 982 944 982 993 986 983 973 964 973 979 975 966 954 962 984 992 991 1004 985 993 992 996 992 998 1003 1011 995 1000 993 994 990 999 997 1104 1160 986 897 959 989 971 964 961 978 982 977 938 850 995 970 852 821 957 977 1010 1129 940 847 799 858 860 816 862 919 1082 1242 1107 1039 980 1000 954 1044 952 1078 1039 1191 1102
1017 1018 1041 1072 1119 1054 1020 1030 989 979 985 1005 1010 1001 981 994 1005 992 993 989 976 982 985 987 984 983 989 1006 1025 1017 1007 1021 1011 1010 1007 1030 1033 1008 1009 1014 1024 1011 1005 1012 1072 1277 1115 944 917 1060 933 1040 981 1001 998 985 976 1004 968 950 1031 911 843 927 1062 1270 1056 970 837 929 910 1058 873 943 1039 1174 1242 1071 1114 996 982 891 894 1051 1052 1027 1121 993
941 966 1001 1044 1052 1023 994 1020 997 988 985 995 998 996 1006 994 1004 1007 995 1007 982 991 999 995 996 1004 1011 1026 1029 1005 1028 1042 1049 1047 1044 1045 1044 1021 1030 1032 1024 1008 1011 1090 1206 1241 1046 944 964 961 1000 1107 1037 1075 1069 1021 1032 1087 1114 1014 1083 924 942 951 1126 1144 1092 927 971 944 986 972 973 1001 1185 1067 1133 1092 1151 1119 1113 1053 906 921 996 1041 1072 943
963 947 958 938 970 979 966 989 986 1005 988 1006 1019 1010 1025 1030 1027 1001 1019 1018 994 997 1015 1017 1028 1026 1039 1042 1056 1040 1047 1062 1072 1078 1068 1068 1056 1055 1049 1048 1041 1035 1031 1030 1150 1235 1051 991 1081 1034 1160 1241 1210 1258 1052 1037 1011 1082 1205 1090 1136 959 1090 1242 1226 1101 1069 1001 1145 1011 1167 1149 1036 1064 997 967 981 956 950 1091 923 1025 988 865 842 886 932 958
945 899 944 937 972 984 976 976 976 1005 1021 1013 1028 1045 1034 1049 1036 1042 1033 1036 1020 1050 1035 1044 1052 1073 1065 1073 1072 1074 1082 1067 1091 1089 1092 1089 1075 1086 1076 1044 1044 1026 1178 1164 1175 1215 1171 1078 1168 1059 1248 1306 1328 1223 1072 1082 1059 1218 1319 1234 1137 1154 1174 1319 1233 1149 1170 1146 1177 1164 1160 1208 1076 974 964 964 964 919 859 954 984 959 934 981 886 815 845 963
958 957 933 963 974 979 972 1009 1013 1002 1007 1015 1057 1037 1065 1064 1050 1057 1081 1066 1062 1058 1065 1068 1083 1101 1101 1085 1087 1100 1102 1097 1097 1111 1105 1104 1083 1072 1095 1106 1103 1077 1134 1090 1180 1288 1261 1227 1283 1225 1225 1243 1168 1101 1085 1084 1205 1275 1334 1316 1308 1203 1149 1119 1114 1118 1141 1102 1009 1024 1059 1069 1096 987 961 933 895 914 937 902 842 836 832 816 810 805 801 796
960 982 986 970 964 1017 995 980 999 990 1028 1011 1055 1067 1083 1064 1068 1076 1087 1106 1097 1091 1088 1090 1116 1129 1130 1116 1117 1127 1131 1109 1123 1124 1130 1133 1119 1102 1111 1130 1146 1122 1099 1150 1152 1164 1188 1199 1223 1167 1135 1140 1136 1131 1094 1063 1133 1194 1285 1327 1267 1286 1316 1293 1313 1132 1080 1008 1035 1016 930 1043 1009 1050 1090 978 955 941 853 839 920 871 886 888 902 887 826 871
968 992 987 992 1001 1013 1012 997 1001 1021 1037 1035 1071 1073 1073 1091 1096 1101 1110 1135 1135 1127 1123 1145 1150 1146 1145 1139 1139 1149 1160 1125 1147 1144 1157 1138 1132 1117 1128 1153 1155 1126 1162 1143 1160 1173 1171 1171 1166 1153 1154 1141 1129 1144 1126 1092 1108 1166 1274 1342 1325 1340 1309 1303 1268 1156 1099 1188 1220 1135 998 914 995 946 992 937 886 857 875 923 995 991 954 1077 968 970 935 933
967 977 984 1005 997 1041 1030 1003 1047 1063 1067 1048 1076 1102 1111 1126 1150 1158 1151 1166 1168 1154 1166 1191 1185 1180 1165 1169 1170 1174 1169 1162 1172 1168 1184 1166 1158 1163 1148 1175 1184 1141 1165 1174 1181 1183 1204 1184 1179 1170 1171 1161 1160 1152 1118 1097 1140 1166 1331 1377 1336 1325 1281 1193 1144 1170 1251 1285 1207 1072 999 985 935 955 902 853 903 939 952 962 1025 1156 1184 1184 1084 948 954 999
959 994 999 977 1001 1008 1051 1055 1036 1071 1086 1108 1122 1144 1172 1236 1202 1193 1190 1191 1188 1184 1217 1203 1226 1220 1223 1214 1198 1187 1200 1200 1188 1195 1192 1187 1187 1184 1183 1192 1186 1210 1182 1185 1195 1189 1204 1188 1201 1198 1175 1176 1167 1162 1185 1120 1140 1187 1314 1268 1242 1204 1171 1223 1272 1254 1215 1093 1011 947 926 963 892 886 998 991 1021 1040 973 1088 1163 1203 1234 1290 1072 1009 1126 997
983 958 964 1011 998 1016 1009 1016 1073 1097 1134 1142 1173 1213 1251 1248 1236 1232 1228 1227 1231 1222 1234 1248 1246 1256 1242 1236 1233 1234 1238 1221 1217 1224 1235 1231 1214 1213 1208 1215 1230 1229 1226 1230 1212 1232 1219 1230 1240 1226 1190 1186 1161 1171 1172 1136 1181 1106 1179 1299 1344 1336 1236 1106 1055 998 971 952 932 995 1111 1108 956 938 987 1175 1146 1135 1149 1235 1274 1125 1035 1107 1069 1014 981 1020
972 979 986 976 1004 1013 1024 1054 1080 1136 1163 1206 1208 1240 1265 1264 1263 1253 1271 1258 1266 1244 1251 1255 1274 1286 1276 1262 1266 1273 1259 1225 1251 1268 1244 1258 1246 1234 1247 1236 1264 1279 1256 1267 1239 1249 1242 1244 1242 1224 1206 1182 1184 1185 1175 1143 1189 1199 1169 1135 1176 1217 1122 1085 1142 1179 1085 1056 949 1020 1179 1200 1183 1045 1075 1197 1095 1066 1010 1027 1088 1018 966 935 931 885 872 867
999 975 1013 1012 1006 1024 1040 1070 1102 1139 1185 1196 1248 1258 1288 1301 1310 1347 1328 1305 1299 1300 1292 1299 1305 1303 1308 1318 1314 1305 1278 1297 1288 1290 1294 1285 1270 1243 1288 1247 1288 1289 1280 1276 1261 1283 1264 1274 1260 1227 1226 1215 1215 1199 1190 1167 1177 1199 1187 1176 1209 1283 1155 1299 1321 1273 1279 1081 991 959 1050 1190 1169 1128 1114 1103 1001 1119 1035 1058 1009 997 1014 1008 962 1045 950 879
998 999 1001 1014 1038 1063 1064 1091 1089 1151 1207 1255 1278 1299 1333 1321 1349 1348 1388 1405 1387 1378 1379 1355 1388 1369 1373 1369 1365 1311 1338 1338 1331 1340 1333 1325 1333 1311 1323 1311 1285 1320 1318 1311 1315 1287 1305 1286 1276 1256 1243 1231 1236 1225 1203 1206 1180 1181 1203 1201 1172 1260 1291 1359 1319 1172 1123 1033 1118 980 1031 1196 1193 1070 1148 1089 1157 1251 1264 1148 1176 1073 1005 1040 1015 920 977 1051
1012 1029 1035 1030 1055 1089 1074 1099 1125 1153 1226 1272 1330 1316 1319 1340 1380 1391 1436 1455 1469 1477 1481 1436 1454 1464 1432 1408 1361 1379 1382 1377 1407 1376 1375 1366 1352 1362 1346 1356 1342 1328 1346 1340 1349 1332 1310 1300 1284 1271 1258 1258 1252 1232 1250 1217 1204 1215 1219 1223 1191 1211 1240 1338 1402 1324 1212 1133 1057 1005 1122 1293 1189 1156 1336 1257 1310 1400 1236 1207 1072 1102 1203 1074 969 1014 1107 1152
985 1001 1007 1050 1078 1093 1116 1100 1149 1175 1179 1239 1271 1283 1329 1354 1390 1441 1473 1519 1511 1539 1550 1556 1534 1497 1470 1499 1474 1439 1419 1455 1421 1429 1416 1406 1398 1413 1411 1394 1399 1374 1376 1355 1365 1333 1334 1321 1302 1286 1274 1267 1263 1232 1231 1234 1236 1214 1228 1249 1213 1235 1228 1279 1382 1321 1320 1318 1167 1020 1089 1288 1163 1220 1360 1398 1418 1370 1203 1138 1220 1336 1301 1224 1150 1139 1092 997
990 1013 1041 1066 1075 1112 1135 1143 1169 1180 1238 1254 1267 1326 1396 1410 1439 1458 1505 1542 1565 1568 1593 1614 1593 1557 1569 1554 1513 1538 1540 1511 1465 1495 1480 1447 1461 1457 1438 1441 1414 1410 1412 1379 1361 1351 1347 1339 1328 1310 1303 1287 1270 1263 1265 1247 1264 1242 1260 1247 1233 1246 1257 1282 1334 1318 1308 1212 1078 1057 1252 1312 1152 1265 1389 1377 1308 1227 1245 1373 1262 1222 1089 1047 1025 1011 972 1045
993 1011 1042 1067 1093 1106 1135 1191 1221 1231 1272 1296 1351 1352 1383 1490 1522 1582 1622 1618 1643 1676 1695 1685 1643 1656 1585 1603 1579 1604 1584 1536 1559 1577 1536 1531 1506 1499 1489 1473 1433 1432 1409 1395 1378 1368 1361 1353 1348 1342 1317 1301 1310 1271 1271 1279 1280 1273 1285 1253 1254 1242 1255 1247 1258 1207 1351 1235 1099 1188 1298 1337 1202 1321 1389 1387 1418 1330 1343 1291 1197 1006 979 1017 998 1021 1034 933
1042 1029 1046 1079 1099 1145 1172 1193 1249 1276 1324 1397 1425 1451 1437 1519 1569 1649 1655 1714 1764 1764 1774 1788 1757 1764 1663 1678 1657 1668 1616 1601 1638 1632 1632 1598 1588 1559 1506 1477 1472 1475 1430 1421 1402 1393 1398 1373 1366 1353 1337 1343 1313 1291 1295 1286 1287 1278 1271 1257 1264 1255 1242 1253 1312 1275 1181 1134 1209 1297 1236 1341 1277 1245 1343 1354 1314 1207 1132 1061 1013 1014 1134 1184 1118 1128 1117 1052
1037 1058 1079 1095 1114 1133 1194 1211 1289 1339 1377 1411 1477 1517 1523 1511 1594 1640 1717 1768 1827 1814 1878 1906 1913 1854 1744 1765 1780 1736 1643 1667 1711 1725 1716 1647 1623 1671 1589 1555 1515 1496 1483 1465 1451 1429 1420 1396 1383 1372 1358 1344 1333 1314 1305 1309 1302 1276 1271 1264 1273 1256 1248 1240 1317 1301 1258 1148 1279 1382 1341 1329 1386 1319 1283 1341 1239 1175 1083 1107 1148 1033 1269 1272 1255 1190 1218 1141
1050 1060 1080 1104 1114 1167 1191 1236 1277 1320 1382 1436 1487 1541 1570 1582 1670 1717 1729 1814 1864 1972 1985 2002 1988 1870 1910 1957 1882 1937 1894 1718 1822 1811 1789 1698 1656 1654 1612 1594 1556 1526 1505 1485 1471 1447 1427 1402 1391 1381 1368 1350 1364 1348 1325 1330 1300 1297 1283 1280 1281 1288 1254 1259 1274 1291 1336 1223 1291 1375 1357 1335 1382 1358 1331 1378 1396 1236 1119 1070 1227 1257 1217 1237 1126 1046 1046 1088
1051 1067 1090 1088 1127 1154 1195 1247 1282 1333 1394 1474 1526 1591 1610 1693 1749 1745 1910 2082 2152 2129 2091 2153 2169 1961 2122 2124 2119 1944 1918 1909 1851 1825 1798 1735 1719 1697 1683 1647 1604 1555 1536 1524 1503 1475 1454 1420 1393 1381 1372 1351 1338 1332 1321 1320 1309 1303 1285 1298 1279 1279 1281 1264 1287 1367 1315 1361 1329 1350 1366 1337 1347 1338 1365 1317 1334 1198 1128 1209 1233 1124 1209 1262 1161 1103 1037 1020
1056 1083 1109 1102 1126 1143 1178 1249 1312 1351 1428 1463 1583 1620 1667 1698 1743 1852 1901 1958 2096 2208 2325 2296 2373 1975 2322 2354 2200 2030 2041 1936 1928 1876 1811 1762 1812 1790 1716 1682 1634 1586 1562 1526 1490 1503 1444 1418 1409 1387 1377 1359 1342 1337 1335 1315 1324 1324 1315 1321 1294 1292 1293 1276 1269 1329 1377 1373 1311 1328 1355 1321 1374 1374 1328 1195 1169 1130 1102 1076 1073 1060 1052 1044 1045 1032 1127 1105
1068 1064 1081 1096 1114 1155 1169 1214 1311 1351 1386 1443 1557 1598 1626 1738 1762 1888 1763 2043 2107 2213 2422 2461 2546 2202 2587 2524 2320 2216 2127 2090 1967 1962 1965 1861 1897 1837 1761 1705 1662 1610 1586 1554 1524 1481 1470 1444 1472 1414 1402 1401 1378 1367 1348 1336 1331 1326 1323 1306 1287 1288 1275 1280 1245 1274 1358 1356 1229 1188 1176 1209 1356 1429 1397 1314 1145 1099 1097 1076 -9999 -9999 -9999 -9999 -9999 1019 1015 1008
1063 1083 1116 1111 1128 1147 1180 1193 1243 1329 1405 1450 1536 1566 1590 1759 1808 1763 1945 2024 2044 2258 2429 2562 2198 2196 2194 2200 2280 -9999 -9999 -9999 -9999 -9999 -9999 -9999 -9999 -9999 -9999 -9999 -9999 -9999 -9999 -9999 -9999 -9999 -9999 -9999 -9999 -9999 -9999 -9999 -9999 -9999 -9999 -9999 -9999 -9999 -9999 1303 1312 1289 1285 1257 1257 1226 1250 1242 1230 1205 1183 1164 1186 1290 1247 1180 1245 1153 1100 -9999 -9999 -9999 -9999 -9999 -9999 -9999 -9999 999
