PySEBS/DATA/BasicData/dem_jls.asc
ncols         967
nrows         544
xllcorner     121.63896373
yllcorner     40.862262845556
cellsize      0.01
NODATA_value  -9999
[rows 390 to 428 of 544, columns 352 to 439 of 967]
-9999 -9999 -9999 508 522 466 425 409 404 404 399 397 417 491 439 439 395 383 370 363 371 403 375 364 381 421 392 374 364 385 373 349 345 347 340 342 336 346 347 364 357 376 355 350 363 359 354 360 382 354 376 361 374 391 459 370 376 349 356 373 345 343 341 341 355 322 336 332 352 401 351 343 363 354 352 376 371 368 355 357 366 382 379 434 537 737 714 539
-9999 -9999 476 448 436 484 534 518 421 468 463 420 450 558 445 480 442 385 406 373 376 360 360 383 441 431 468 414 370 354 358 344 343 353 348 344 356 358 353 349 367 355 355 358 381 371 364 362 403 374 390 377 406 437 441 405 407 396 381 359 328 331 335 373 347 307 339 352 399 377 343 348 365 364 335 383 356 379 361 391 393 453 486 689 883 841 802 570
-9999 -9999 608 614 506 509 556 443 423 510 577 447 533 500 470 421 410 375 401 411 407 379 372 354 361 356 363 358 350 348 350 349 354 349 357 370 371 361 371 369 376 359 360 375 368 391 374 363 364 382 390 410 381 470 411 453 384 336 416 365 337 340 375 359 327 330 335 378 370 363 340 384 342 377 370 357 403 388 382 453 373 493 603 798 756 885 606 449
-9999 -9999 -9999 -9999 535 572 443 500 458 463 459 437 417 410 397 394 379 372 369 389 377 369 371 372 357 361 357 366 352 351 350 368 367 373 357 376 365 356 376 378 369 367 400 375 376 394 385 396 378 376 379 396 453 570 436 382 392 370 364 339 355 358 378 341 345 321 345 373 387 402 361 379 384 362 381 378 409 396 455 443 443 496 584 566 532 554 530 505
-9999 -9999 639 518 513 478 429 408 447 481 457 402 385 393 409 380 377 366 379 359 361 364 354 357 355 353 348 359 356 345 361 366 368 366 362 384 380 372 370 392 368 395 386 382 382 419 431 385 391 375 373 463 592 427 424 413 384 378 352 355 331 405 390 351 337 318 397 352 356 386 379 405 383 391 371 404 432 526 522 532 637 653 696 671 448 382 382 532
-9999 607 473 489 408 421 453 395 394 411 462 394 389 389 366 393 372 380 366 361 356 357 357 360 369 368 356 349 360 363 380 358 379 358 374 399 388 370 369 401 372 394 421 476 389 490 510 415 389 394 424 528 423 397 410 372 367 357 335 374 373 405 334 346 367 342 372 359 389 398 397 375 427 474 432 410 427 552 723 651 571 525 479 604 503 427 365 389
-9999 556 464 426 424 397 406 396 378 402 431 434 414 446 421 369 369 363 357 358 356 368 393 394 378 387 380 335 363 366 370 362 371 378 383 389 403 393 419 389 385 418 444 472 454 492 486 407 390 408 584 504 463 464 414 366 370 366 382 404 364 369 355 333 378 342 360 375 393 377 433 515 416 549 618 467 544 635 859 668 608 539 473 377 374 376 369 373
-9999 -9999 486 474 413 430 421 414 397 371 403 397 369 404 370 366 368 351 365 363 377 361 381 438 424 414 341 355 366 372 381 388 391 363 386 411 423 393 385 392 417 405 401 429 457 478 436 431 379 444 475 479 391 385 366 371 378 364 401 354 351 330 341 351 380 379 394 357 355 484 571 577 533 547 600 700 640 630 735 569 463 412 388 374 393 385 413 378
-9999 470 486 452 404 393 396 401 382 372 397 377 383 366 361 374 366 371 372 388 371 394 450 433 368 353 359 359 361 380 400 400 395 393 391 377 398 409 386 380 436 479 418 457 434 544 430 463 422 427 428 393 374 366 367 403 407 394 427 369 350 338 373 375 389 401 410 391 447 384 446 465 473 598 445 557 498 533 703 690 579 537 429 413 498 461 447 429
-9999 409 452 427 441 401 382 -9999 -9999 -9999 369 368 360 363 368 387 392 406 409 445 412 394 411 366 367 362 367 374 383 403 392 390 398 405 428 393 427 415 378 386 399 460 469 526 517 448 450 432 599 552 490 460 411 364 381 427 398 379 375 402 364 340 382 404 468 534 472 484 478 519 426 430 445 454 454 423 474 450 620 704 735 645 606 622 426 396 367 391
-9999 -9999 -9999 -9999 -9999 -9999 -9999 -9999 -9999 -9999 -9999 399 387 394 436 402 387 402 421 425 376 357 361 371 388 394 377 385 400 388 391 431 438 431 450 399 399 414 386 378 420 394 457 479 484 464 423 432 574 460 471 463 406 353 384 450 417 386 337 332 348 373 387 540 540 559 641 539 448 420 515 509 567 495 412 410 391 407 472 635 650 626 487 406 465 421 391 375
-9999 -9999 -9999 -9999 -9999 -9999 -9999 -9999 -9999 -9999 -9999 -9999 -9999 460 425 407 421 424 391 383 365 388 368 399 409 382 375 384 393 411 422 438 508 434 456 427 501 411 399 404 412 416 480 481 489 461 442 512 507 457 470 416 385 432 414 481 385 359 358 350 418 523 533 597 590 513 446 417 483 587 486 498 526 566 503 409 416 377 404 430 446 434 422 393 395 417 395 381
-9999 -9999 -9999 -9999 -9999 -9999 -9999 -9999 -9999 -9999 -9999 -9999 -9999 462 421 409 472 399 381 425 449 377 391 404 416 376 388 388 381 386 406 403 415 468 451 532 523 422 419 490 486 501 447 437 452 536 579 434 582 493 458 409 394 446 470 391 361 381 378 389 427 384 377 413 421 401 404 445 518 568 703 588 451 486 441 460 401 400 395 399 379 379 360 393 369 386 355 383
-9999 -9999 -9999 -9999 -9999 -9999 -9999 -9999 -9999 -9999 -9999 489 467 488 469 446 452 456 381 417 387 390 387 417 399 386 400 389 398 380 402 422 412 428 458 479 509 516 520 415 474 531 436 465 544 660 585 468 572 489 441 398 397 438 368 357 355 382 437 401 372 470 499 509 434 377 433 462 486 493 591 471 418 455 441 393 387 439 470 427 420 404 383 379 377 367 381 374
-9999 -9999 -9999 -9999 -9999 -9999 -9999 -9999 -9999 -9999 -9999 -9999 496 496 495 484 461 383 382 395 444 387 423 414 387 413 441 452 391 393 384 397 403 499 498 449 428 501 502 452 570 530 453 494 623 675 559 548 485 450 449 401 458 357 362 367 370 379 388 417 416 402 468 495 465 414 372 455 440 513 609 496 469 419 425 429 407 425 528 547 531 429 423 433 392 375 390 387
-9999 -9999 -9999 -9999 -9999 -9999 -9999 -9999 -9999 -9999 -9999 -9999 505 498 503 397 382 382 386 451 409 381 394 432 419 432 459 415 458 450 407 400 392 397 399 439 502 489 591 618 533 604 471 437 519 621 548 454 535 499 450 399 350 384 388 378 389 428 426 539 592 487 602 476 523 466 413 418 436 458 499 617 501 466 465 428 421 515 687 595 484 518 395 383 374 407 406 385
-9999 -9999 -9999 -9999 -9999 -9999 -9999 -9999 -9999 -9999 -9999 -9999 501 434 399 382 437 404 393 443 414 418 383 422 467 411 433 520 499 403 391 437 400 396 431 449 510 456 498 514 485 430 422 423 424 464 449 432 424 425 405 357 364 376 382 404 423 466 541 498 448 556 697 637 617 504 531 494 484 517 573 448 507 506 443 495 442 540 542 431 470 386 392 401 381 385 370 376
-9999 -9999 -9999 -9999 -9999 -9999 -9999 -9999 -9999 -9999 -9999 -9999 471 401 382 442 442 421 385 441 448 392 440 435 417 414 415 510 473 426 403 475 415 460 420 437 409 447 480 465 570 558 564 580 532 387 414 389 449 390 358 374 387 384 411 443 506 647 662 567 664 495 620 746 712 554 572 711 663 650 534 460 422 453 493 460 572 642 568 521 440 386 376 408 396 383 368 380
-9999 -9999 -9999 -9999 -9999 -9999 -9999 -9999 -9999 -9999 -9999 -9999 -9999 -9999 -9999 411 404 404 465 438 403 419 413 447 434 484 447 506 432 454 430 427 479 443 491 544 446 531 512 467 500 459 418 435 398 403 382 385 398 395 380 402 382 431 451 439 596 607 594 570 756 636 649 734 747 714 763 611 677 517 599 453 428 483 444 418 431 551 452 400 434 387 394 418 373 378 357 356
-9999 -9999 -9999 -9999 -9999 -9999 -9999 -9999 -9999 -9999 -9999 -9999 -9999 -9999 382 395 386 396 443 429 443 462 453 497 525 559 640 610 504 607 458 453 574 443 487 635 517 636 529 562 480 566 429 406 455 415 397 366 378 371 373 410 432 511 573 727 626 596 701 584 644 872 834 833 779 650 568 499 614 522 427 426 458 430 410 443 558 533 452 452 372 414 397 378 370 352 386 363
-9999 -9999 -9999 -9999 -9999 -9999 -9999 -9999 -9999 -9999 -9999 -9999 -9999 382 389 432 386 434 405 430 469 439 446 460 464 525 537 530 577 527 482 467 514 539 471 546 556 504 493 494 452 492 429 425 417 386 375 363 381 384 415 494 602 635 747 919 697 544 749 653 822 910 997 1028 772 629 630 473 435 458 478 458 378 389 498 548 484 427 409 415 396 382 388 372 367 382 386 397
-9999 -9999 -9999 -9999 -9999 -9999 -9999 -9999 -9999 -9999 -9999 -9999 -9999 390 -9999 456 393 389 421 450 413 406 408 412 427 471 464 484 505 609 643 530 500 646 500 616 695 643 688 634 534 438 506 449 396 390 375 385 417 440 604 673 617 601 806 819 602 606 722 831 940 1016 832 813 674 625 478 509 541 456 480 422 428 373 524 445 484 418 384 364 400 384 369 387 380 391 384 384
-9999 -9999 -9999 -9999 -9999 -9999 -9999 -9999 -9999 -9999 -9999 -9999 391 384 -9999 438 424 410 396 -9999 -9999 435 410 491 470 544 500 663 670 730 740 624 643 585 601 719 773 752 609 500 425 483 435 404 438 428 402 441 533 589 775 880 721 737 901 846 718 852 787 833 939 838 724 634 584 508 482 458 485 487 473 536 430 421 383 393 457 401 373 385 396 377 394 377 424 397 371 459
-9999 -9999 -9999 -9999 -9999 -9999 -9999 -9999 -9999 -9999 -9999 -9999 -9999 -9999 -9999 418 420 453 449 -9999 -9999 -9999 463 440 437 482 473 530 589 709 552 562 524 500 632 838 578 543 506 467 513 468 402 409 410 382 407 506 595 707 917 1085 1030 1067 759 705 930 820 750 855 966 1018 978 881 800 651 522 547 496 438 388 428 437 405 395 389 384 366 398 368 386 398 405 418 415 429 433 477
-9999 -9999 -9999 -9999 -9999 -9999 -9999 -9999 -9999 -9999 -9999 -9999 -9999 -9999 462 407 424 483 432 -9999 -9999 -9999 -9999 -9999 516 477 490 612 632 793 637 524 525 514 453 526 563 469 456 421 467 452 426 371 386 399 457 664 754 973 1205 927 714 869 677 706 720 632 595 774 723 710 744 735 603 516 565 490 415 416 413 384 497 403 387 381 382 391 394 374 410 404 412 461 519 493 485 501
-9999 -9999 -9999 -9999 -9999 -9999 -9999 -9999 -9999 -9999 -9999 -9999 -9999 -9999 456 417 465 477 458 -9999 -9999 -9999 -9999 -9999 -9999 -9999 -9999 -9999 -9999 -9999 -9999 646 591 703 608 508 436 424 481 440 457 443 385 385 381 499 636 699 834 996 972 894 622 832 669 602 585 620 631 572 644 578 626 586 466 469 433 410 409 405 391 405 400 418 384 380 410 398 388 422 396 428 482 658 660 682 551 603
-9999 -9999 -9999 -9999 -9999 -9999 -9999 -9999 -9999 -9999 -9999 -9999 -9999 -9999 -9999 -9999 -9999 -9999 -9999 -9999 -9999 -9999 -9999 -9999 -9999 -9999 -9999 -9999 -9999 -9999 -9999 -9999 683 659 519 459 501 484 514 457 398 398 443 413 404 486 476 502 622 632 670 752 547 677 633 508 545 621 480 476 550 498 464 473 452 445 462 485 450 544 468 377 379 398 376 394 391 390 420 429 393 493 561 680 875 755 665 762
-9999 -9999 -9999 -9999 -9999 -9999 -9999 -9999 -9999 -9999 -9999 -9999 -9999 -9999 -9999 -9999 -9999 -9999 -9999 -9999 -9999 -9999 -9999 -9999 -9999 -9999 -9999 -9999 -9999 -9999 -9999 -9999 741 555 500 449 485 492 487 417 437 488 416 397 484 574 557 590 694 643 561 515 566 501 519 464 507 578 567 462 484 452 553 408 409 413 424 464 592 474 390 380 377 385 404 432 386 433 555 582 438 497 633 851 860 803 807 834
-9999 -9999 -9999 -9999 -9999 -9999 -9999 -9999 -9999 -9999 -9999 -9999 -9999 -9999 -9999 -9999 -9999 -9999 -9999 -9999 -9999 -9999 -9999 -9999 -9999 -9999 -9999 -9999 -9999 -9999 -9999 799 559 491 517 578 525 446 461 477 404 386 405 432 548 592 770 638 519 476 463 445 530 519 466 441 431 418 446 483 414 418 415 406 394 442 483 606 465 398 380 395 408 444 438 445 565 487 537 697 534 578 651 785 796 812 744 870
-9999 -9999 -9999 -9999 -9999 -9999 -9999 -9999 -9999 -9999 -9999 -9999 -9999 -9999 -9999 -9999 -9999 -9999 -9999 -9999 -9999 -9999 -9999 -9999 -9999 -9999 -9999 -9999 -9999 733 696 534 460 504 451 468 542 600 506 433 394 429 544 686 625 550 735 678 559 570 527 595 471 447 427 411 480 425 419 421 455 449 400 414 391 445 383 402 393 384 394 428 462 465 548 634 597 607 689 695 603 493 601 723 776 921 824 793
-9999 -9999 -9999 -9999 -9999 -9999 -9999 -9999 -9999 -9999 -9999 -9999 -9999 -9999 -9999 -9999 -9999 -9999 -9999 -9999 -9999 -9999 -9999 -9999 -9999 641 639 -9999 759 632 546 486 444 465 435 440 600 537 427 399 413 513 537 608 685 655 763 640 589 696 649 561 548 567 447 454 415 422 426 417 398 410 401 398 374 407 381 398 409 413 407 422 451 598 692 902 627 733 848 719 577 620 794 916 831 711 762 642
-9999 -9999 -9999 -9999 -9999 -9999 -9999 -9999 -9999 -9999 -9999 -9999 -9999 -9999 -9999 -9999 -9999 -9999 -9999 -9999 -9999 -9999 -9999 -9999 -9999 -9999 542 613 590 511 528 446 486 417 456 438 580 420 389 411 524 571 523 685 688 861 772 656 761 679 495 606 577 519 436 440 412 399 410 401 392 388 406 394 458 422 410 415 422 416 435 473 516 590 607 852 812 899 897 732 756 914 854 905 902 769 734 698
-9999 -9999 -9999 -9999 -9999 -9999 -9999 -9999 -9999 -9999 -9999 -9999 -9999 -9999 -9999 -9999 -9999 -9999 -9999 -9999 -9999 -9999 -9999 -9999 -9999 -9999 697 565 456 476 450 442 413 410 405 402 406 402 466 489 457 533 608 680 805 774 632 608 635 540 506 439 485 488 550 427 419 421 383 389 400 386 397 401 435 472 423 458 446 508 495 546 611 755 813 969 852 747 880 880 895 821 828 774 786 716 650 576
-9999 -9999 -9999 -9999 -9999 -9999 -9999 -9999 -9999 -9999 -9999 -9999 -9999 -9999 -9999 -9999 -9999 -9999 -9999 -9999 -9999 -9999 -9999 -9999 -9999 701 522 477 444 449 424 456 404 404 407 410 420 430 519 477 441 567 539 557 729 705 707 616 590 560 462 499 450 430 414 412 405 401 454 407 404 444 438 394 446 567 442 517 518 631 699 567 779 892 970 831 939 886 752 870 781 706 731 698 630 601 636 657
-9999 -9999 -9999 -9999 -9999 -9999 -9999 -9999 -9999 -9999 -9999 -9999 -9999 -9999 -9999 -9999 -9999 -9999 -9999 -9999 -9999 -9999 -9999 -9999 679 599 505 476 582 489 483 415 414 430 416 437 457 560 610 453 552 567 691 786 703 626 637 585 567 534 525 453 431 422 425 401 437 442 444 403 421 449 505 421 412 446 486 523 616 600 607 774 810 726 883 777 972 908 863 776 829 807 703 626 632 657 796 682
-9999 -9999 -9999 -9999 -9999 -9999 -9999 -9999 -9999 -9999 -9999 -9999 -9999 -9999 -9999 -9999 -9999 -9999 -9999 -9999 -9999 -9999 -9999 -9999 554 493 498 457 461 432 417 413 425 436 435 436 498 508 681 545 475 610 774 644 518 567 619 484 552 477 456 445 428 413 429 464 415 414 458 415 458 490 559 468 439 432 481 578 585 756 854 781 879 725 712 733 968 860 664 799 710 657 693 767 753 764 757 711
-9999 -9999 -9999 -9999 -9999 -9999 -9999 -9999 -9999 -9999 -9999 -9999 -9999 -9999 -9999 -9999 -9999 -9999 -9999 -9999 -9999 -9999 690 525 463 490 470 455 485 415 426 440 435 432 464 468 503 576 689 668 575 613 782 652 679 559 486 551 469 469 419 424 433 480 477 446 411 465 459 393 494 529 479 446 477 492 421 644 600 822 802 705 685 751 565 770 680 620 632 614 760 747 756 739 671 616 538 632
-9999 -9999 -9999 -9999 -9999 -9999 -9999 -9999 -9999 -9999 -9999 -9999 -9999 -9999 -9999 -9999 -9999 -9999 -9999 -9999 -9999 661 482 452 470 486 456 422 424 426 430 447 450 451 491 483 631 668 668 606 711 679 670 664 552 515 466 431 428 434 468 443 489 473 442 412 406 449 447 391 423 545 474 471 485 566 531 459 499 665 628 587 577 548 543 572 626 689 640 762 686 589 604 630 651 596 649 535
-9999 -9999 -9999 -9999 -9999 -9999 -9999 -9999 -9999 -9999 -9999 -9999 -9999 -9999 -9999 -9999 -9999 -9999 -9999 -9999 599 526 560 477 533 451 439 426 425 427 452 450 461 453 592 630 549 662 714 761 710 670 536 530 472 456 451 464 490 537 479 521 485 468 444 446 436 443 528 447 445 492 459 477 583 608 758 663 488 568 503 538 583 611 682 736 740 714 825 842 691 595 594 499 666 613 583 626
