PySEBS/DATA/BasicData/dem_jls.asc
ncols         967
nrows         544
xllcorner     121.63896373
yllcorner     40.862262845556
cellsize      0.01
NODATA_value  -9999
[rows 273 to 311 of 544, columns 176 to 263 of 967]
-9999 -9999 -9999 -9999 -9999 116 120 114 116 100 117 118 93 99 137 119 129 127 134 161 134 137 156 141 146 151 157 146 130 127 128 113 114 127 121 118 119 114 99 102 101 119 124 104 102 95 101 104 127 109 113 120 109 127 134 131 123 133 121 135 131 132 117 119 139 118 134 157 127 135 134 133 133 135 129 133 137 146 134 131 127 143 142 142 139 129 161 152
-9999 -9999 -9999 -9999 -9999 118 110 113 113 110 106 118 113 110 118 147 140 127 163 141 156 136 134 150 152 145 141 139 129 98 111 115 100 65 112 106 116 104 105 91 111 116 104 105 100 120 109 107 110 118 124 124 131 127 124 131 137 137 133 125 132 140 135 119 122 123 123 133 134 127 152 136 131 129 139 115 132 147 136 136 137 142 150 156 148 141 150 146
122 113 116 -9999 -9999 121 115 121 105 93 107 119 105 106 122 114 119 114 134 148 144 150 139 147 141 135 147 139 125 71 75 116 125 120 111 114 107 113 109 117 113 115 104 122 110 111 112 109 127 127 127 131 120 132 130 118 126 113 130 137 134 107 122 123 143 117 120 133 128 124 128 121 131 118 124 145 138 130 154 142 131 138 150 159 144 147 146 155
122 122 96 112 107 115 118 130 107 116 97 107 93 116 113 122 119 111 123 122 138 122 142 144 149 151 138 133 138 130 116 129 113 115 108 102 90 100 105 98 113 105 106 100 114 128 138 117 118 127 122 113 126 118 127 116 106 120 118 130 121 125 137 147 124 141 120 129 131 125 130 119 125 127 122 146 142 143 140 142 151 143 158 152 154 166 148 147
124 106 113 126 88 114 126 109 108 121 111 110 118 101 114 110 116 113 118 126 132 126 140 133 136 129 133 122 111 140 114 111 117 115 106 99 117 106 101 105 107 111 104 119 132 112 104 104 127 117 113 123 110 130 107 112 115 114 119 142 125 112 116 119 127 123 132 116 146 144 136 119 133 133 123 130 147 142 140 146 149 150 154 151 146 149 144 149
114 112 105 114 116 111 114 124 114 112 132 115 111 112 112 113 98 124 138 151 135 120 124 130 134 139 133 109 105 112 118 115 130 91 116 101 100 120 109 96 103 106 123 123 116 111 121 114 110 125 118 128 120 116 117 118 122 120 124 126 119 122 127 130 124 137 139 133 136 128 111 123 124 147 142 149 158 146 147 140 144 144 148 157 151 158 169 160
131 112 131 111 117 113 109 113 119 113 131 108 101 106 99 115 103 100 110 140 124 121 123 123 115 119 131 112 111 120 102 98 94 96 98 103 115 101 102 104 118 109 108 115 113 109 111 122 113 111 114 124 109 128 106 134 119 120 125 122 132 116 128 135 124 127 128 138 115 134 121 119 100 156 145 134 135 140 143 160 157 178 160 153 153 157 156 157
99 83 103 116 100 125 120 100 124 114 100 108 106 105 95 111 98 116 110 127 122 123 128 116 116 114 111 107 108 114 94 102 101 102 98 109 112 94 114 111 109 107 108 100 105 106 108 118 120 120 122 124 119 117 131 128 122 119 148 130 124 124 117 112 118 120 125 105 122 124 136 113 159 156 138 156 145 151 168 158 160 158 159 159 161 161 165 164
122 108 114 109 109 112 122 112 104 103 115 94 93 96 112 100 112 93 109 103 110 120 125 110 105 138 103 123 102 108 109 102 105 99 106 105 100 108 100 103 113 107 121 112 102 101 123 106 117 122 123 115 121 112 111 122 121 119 131 121 114 127 137 106 124 119 118 134 111 143 133 159 148 140 154 149 158 167 163 169 167 172 182 176 158 168 166 161
139 109 110 100 96 114 110 137 110 112 122 90 113 104 102 109 88 99 111 104 124 107 119 101 112 117 126 104 93 91 105 110 99 110 101 107 -9999 -9999 -9999 -9999 -9999 102 103 109 101 125 119 115 121 116 111 127 109 121 118 120 130 113 135 128 112 126 117 137 126 141 134 127 131 144 148 153 148 155 153 164 152 168 183 180 160 163 170 182 174 178 171 171
132 114 113 105 109 108 106 100 96 108 86 111 110 99 98 106 108 108 105 90 107 95 105 117 109 99 107 113 100 112 95 112 95 99 99 -9999 -9999 -9999 -9999 -9999 -9999 -9999 -9999 -9999 -9999 119 108 108 114 112 110 120 115 122 131 127 126 151 139 129 135 131 122 132 125 141 143 142 137 167 146 158 153 153 157 151 170 176 176 172 178 163 162 166 167 169 175 180
135 121 105 100 106 86 112 119 130 102 112 116 102 98 98 99 96 106 111 103 93 111 103 105 108 102 102 93 104 86 91 91 96 93 105 -9999 -9999 -9999 -9999 -9999 -9999 -9999 -9999 -9999 -9999 110 110 116 111 112 122 132 125 134 128 127 141 136 138 158 140 131 136 137 145 136 155 142 152 158 164 160 163 150 141 151 151 182 176 161 173 161 148 168 174 181 175 165
125 117 117 97 110 110 119 113 110 113 117 98 102 114 107 102 112 99 102 104 97 100 114 106 85 103 100 102 101 87 96 99 96 93 -9999 -9999 -9999 -9999 -9999 -9999 -9999 -9999 -9999 -9999 -9999 -9999 -9999 116 108 120 122 128 129 144 137 121 131 140 155 140 145 143 152 149 151 146 155 159 160 162 162 156 151 155 139 144 155 168 157 157 155 156 161 161 172 180 168 164
127 133 112 98 102 -9999 -9999 -9999 -9999 113 107 101 103 104 107 94 96 95 103 97 93 94 86 93 98 114 92 55 98 95 99 100 93 120 -9999 -9999 -9999 -9999 -9999 -9999 -9999 -9999 -9999 -9999 -9999 110 124 112 125 132 130 133 135 136 148 144 155 147 159 147 160 158 153 154 153 158 155 172 160 146 151 141 150 140 144 147 157 158 155 165 151 161 161 162 162 157 152 166
134 141 116 -9999 -9999 -9999 -9999 -9999 -9999 115 120 116 119 110 102 105 101 105 110 98 106 104 100 103 95 99 96 104 101 93 100 96 105 -9999 -9999 -9999 -9999 -9999 -9999 -9999 -9999 -9999 -9999 -9999 -9999 122 121 121 130 133 138 136 135 137 154 150 154 154 152 142 152 162 162 153 150 164 169 151 111 155 139 133 138 149 161 166 167 150 159 148 150 140 158 170 154 153 145 146
-9999 136 133 112 -9999 -9999 -9999 -9999 -9999 -9999 116 130 138 98 98 108 114 113 86 93 92 92 105 98 96 93 98 95 89 100 113 -9999 -9999 -9999 -9999 -9999 -9999 -9999 -9999 -9999 -9999 -9999 -9999 -9999 -9999 137 125 134 125 121 141 147 150 156 149 146 146 142 151 145 145 147 154 135 151 161 156 141 153 135 147 147 154 155 153 165 158 152 138 148 167 167 160 162 152 140 165 171
-9999 -9999 -9999 -9999 -9999 -9999 -9999 -9999 -9999 -9999 -9999 115 126 130 -9999 98 114 82 101 90 100 101 104 95 112 100 97 100 94 102 -9999 -9999 -9999 -9999 -9999 -9999 -9999 -9999 -9999 -9999 -9999 -9999 -9999 -9999 -9999 119 134 142 138 128 137 139 143 163 147 153 141 145 142 133 140 127 131 144 166 149 150 139 145 138 137 146 153 149 157 162 158 153 136 158 167 164 157 152 140 155 166 159
-9999 -9999 -9999 -9999 -9999 -9999 -9999 -9999 -9999 -9999 -9999 -9999 -9999 -9999 -9999 -9999 97 115 95 117 116 96 91 109 89 107 101 92 97 97 -9999 -9999 -9999 -9999 -9999 -9999 -9999 -9999 -9999 -9999 -9999 -9999 -9999 -9999 -9999 -9999 137 137 139 137 152 159 134 148 145 142 150 136 132 134 126 129 131 148 140 137 146 141 123 120 145 137 154 151 140 134 138 136 144 157 158 153 136 133 144 151 133 148
-9999 -9999 -9999 -9999 -9999 -9999 -9999 -9999 -9999 -9999 -9999 -9999 -9999 -9999 -9999 -9999 -9999 114 103 100 96 102 100 101 97 97 95 94 101 93 -9999 -9999 -9999 -9999 -9999 -9999 -9999 -9999 -9999 -9999 -9999 -9999 -9999 -9999 -9999 -9999 -9999 -9999 137 145 136 144 145 145 144 136 141 129 125 125 122 137 143 149 141 120 120 129 127 133 124 140 127 138 126 127 128 144 149 152 143 145 136 143 144 135 145 153
-9999 -9999 -9999 -9999 -9999 -9999 -9999 -9999 -9999 -9999 -9999 -9999 -9999 -9999 -9999 -9999 -9999 -9999 105 101 108 100 103 98 116 89 100 103 94 -9999 -9999 -9999 -9999 -9999 -9999 -9999 -9999 -9999 -9999 -9999 -9999 -9999 -9999 -9999 -9999 -9999 -9999 -9999 -9999 -9999 148 155 139 155 146 144 138 127 130 124 128 145 146 119 119 111 116 118 141 121 123 133 124 129 119 126 146 139 136 123 133 147 137 136 135 149 159 163
-9999 -9999 -9999 -9999 -9999 -9999 -9999 -9999 -9999 -9999 -9999 -9999 -9999 -9999 -9999 -9999 -9999 -9999 -9999 -9999 96 103 105 85 98 89 100 -9999 -9999 -9999 -9999 -9999 -9999 -9999 -9999 -9999 -9999 -9999 -9999 -9999 -9999 -9999 -9999 -9999 -9999 -9999 -9999 -9999 -9999 153 142 151 148 147 141 139 134 133 125 121 118 120 120 107 126 116 118 122 125 117 125 117 117 130 125 124 132 135 135 131 165 131 136 165 122 148 155 168
-9999 -9999 -9999 -9999 -9999 -9999 -9999 -9999 -9999 -9999 -9999 -9999 -9999 -9999 -9999 -9999 -9999 -9999 -9999 -9999 -9999 -9999 -9999 -9999 -9999 -9999 -9999 -9999 -9999 -9999 -9999 -9999 -9999 -9999 -9999 -9999 -9999 -9999 -9999 -9999 -9999 -9999 -9999 -9999 -9999 -9999 -9999 -9999 -9999 -9999 162 159 163 166 138 162 130 120 101 112 119 112 115 122 126 123 119 114 101 111 123 119 123 133 133 127 123 129 121 131 148 149 149 142 153 171 167 173
-9999 -9999 -9999 -9999 -9999 -9999 -9999 -9999 -9999 -9999 -9999 -9999 -9999 -9999 -9999 -9999 -9999 -9999 -9999 -9999 -9999 -9999 -9999 -9999 -9999 -9999 -9999 -9999 -9999 -9999 -9999 -9999 -9999 -9999 -9999 -9999 -9999 -9999 -9999 -9999 -9999 -9999 -9999 -9999 -9999 -9999 -9999 -9999 -9999 -9999 -9999 -9999 -9999 -9999 135 129 122 115 126 106 110 126 110 105 107 108 109 103 127 117 125 119 122 126 134 131 145 125 128 130 125 149 159 162 173 161 155 147
-9999 -9999 -9999 -9999 -9999 -9999 -9999 -9999 -9999 -9999 -9999 -9999 -9999 -9999 -9999 -9999 -9999 -9999 -9999 -9999 -9999 -9999 -9999 -9999 -9999 -9999 -9999 -9999 -9999 -9999 -9999 -9999 -9999 -9999 -9999 -9999 -9999 -9999 -9999 -9999 -9999 -9999 -9999 -9999 -9999 -9999 -9999 -9999 -9999 -9999 -9999 -9999 -9999 -9999 -9999 -9999 117 118 109 124 105 108 109 99 109 117 108 115 135 120 137 118 122 143 123 124 139 135 130 130 134 134 145 145 140 142 152 164
-9999 -9999 -9999 -9999 -9999 -9999 -9999 -9999 -9999 -9999 -9999 -9999 -9999 -9999 -9999 -9999 -9999 -9999 -9999 -9999 -9999 -9999 -9999 -9999 -9999 -9999 -9999 -9999 -9999 -9999 -9999 -9999 -9999 -9999 -9999 -9999 -9999 -9999 -9999 -9999 -9999 -9999 -9999 -9999 -9999 -9999 -9999 -9999 -9999 -9999 -9999 -9999 -9999 -9999 -9999 -9999 -9999 111 108 124 117 99 113 99 118 104 99 110 108 127 115 120 125 121 125 122 126 125 133 131 129 137 136 133 140 123 127 131
-9999 -9999 -9999 -9999 -9999 -9999 -9999 -9999 -9999 -9999 -9999 -9999 -9999 -9999 -9999 -9999 -9999 -9999 -9999 -9999 -9999 -9999 -9999 -9999 -9999 -9999 -9999 -9999 -9999 -9999 -9999 -9999 -9999 -9999 -9999 -9999 -9999 -9999 -9999 -9999 -9999 -9999 -9999 -9999 -9999 -9999 -9999 -9999 -9999 -9999 -9999 -9999 -9999 -9999 -9999 -9999 -9999 -9999 91 101 107 120 91 101 108 103 106 105 109 121 107 122 118 126 131 134 135 130 131 142 133 111 131 137 144 131 137 148
-9999 -9999 -9999 -9999 -9999 -9999 -9999 -9999 -9999 -9999 -9999 -9999 -9999 -9999 -9999 -9999 -9999 -9999 -9999 -9999 -9999 -9999 -9999 -9999 -9999 -9999 -9999 -9999 -9999 -9999 -9999 -9999 -9999 -9999 -9999 -9999 -9999 -9999 -9999 -9999 -9999 -9999 -9999 -9999 -9999 -9999 -9999 -9999 -9999 -9999 -9999 -9999 -9999 -9999 -9999 -9999 -9999 -9999 -9999 115 101 101 98 102 108 93 91 123 114 115 131 128 129 131 129 130 134 138 146 128 133 131 122 136 144 150 161 151
-9999 -9999 -9999 -9999 -9999 -9999 -9999 -9999 -9999 -9999 -9999 -9999 -9999 -9999 -9999 -9999 -9999 -9999 -9999 -9999 -9999 -9999 -9999 -9999 -9999 -9999 -9999 -9999 -9999 -9999 -9999 -9999 -9999 -9999 -9999 -9999 -9999 -9999 -9999 -9999 -9999 -9999 -9999 -9999 -9999 -9999 -9999 -9999 -9999 -9999 -9999 -9999 -9999 -9999 -9999 -9999 -9999 -9999 -9999 -9999 99 102 115 112 117 123 131 127 119 126 128 137 131 132 133 132 139 139 138 138 134 146 139 144 142 135 146 134
-9999 -9999 -9999 -9999 -9999 -9999 -9999 -9999 -9999 -9999 -9999 -9999 -9999 -9999 -9999 -9999 -9999 -9999 -9999 -9999 -9999 -9999 -9999 -9999 -9999 -9999 -9999 -9999 -9999 -9999 -9999 -9999 -9999 -9999 -9999 -9999 -9999 -9999 -9999 -9999 -9999 -9999 -9999 -9999 -9999 -9999 -9999 -9999 -9999 -9999 -9999 -9999 -9999 -9999 -9999 -9999 -9999 -9999 -9999 -9999 -9999 -9999 114 116 114 -9999 -9999 -9999 -9999 -9999 132 135 133 133 131 144 136 137 140 143 143 138 128 151 116 151 157 161
-9999 -9999 -9999 -9999 -9999 -9999 -9999 -9999 -9999 -9999 -9999 -9999 -9999 -9999 -9999 -9999 -9999 -9999 -9999 -9999 -9999 -9999 -9999 -9999 -9999 -9999 -9999 -9999 -9999 -9999 -9999 -9999 -9999 -9999 -9999 -9999 -9999 -9999 -9999 -9999 -9999 -9999 -9999 -9999 -9999 -9999 -9999 -9999 -9999 -9999 -9999 -9999 -9999 -9999 -9999 -9999 -9999 -9999 -9999 -9999 -9999 -9999 -9999 -9999 -9999 -9999 -9999 -9999 -9999 -9999 -9999 142 150 143 143 146 151 154 157 159 162 153 156 160 157 148 171 165
-9999 -9999 -9999 -9999 -9999 -9999 -9999 -9999 -9999 -9999 -9999 -9999 -9999 -9999 -9999 -9999 -9999 -9999 -9999 -9999 -9999 -9999 -9999 -9999 -9999 -9999 -9999 -9999 -9999 -9999 -9999 -9999 -9999 -9999 -9999 -9999 -9999 -9999 -9999 -9999 -9999 -9999 -9999 -9999 -9999 -9999 -9999 -9999 -9999 -9999 -9999 -9999 -9999 -9999 -9999 -9999 -9999 -9999 -9999 -9999 -9999 -9999 -9999 -9999 -9999 -9999 -9999 -9999 -9999 -9999 -9999 153 156 145 157 155 157 157 154 159 155 150 161 163 171 179 176 167
-9999 -9999 -9999 -9999 -9999 -9999 -9999 -9999 -9999 -9999 -9999 -9999 -9999 -9999 -9999 -9999 -9999 -9999 -9999 -9999 -9999 -9999 -9999 -9999 -9999 -9999 -9999 -9999 -9999 -9999 -9999 -9999 -9999 -9999 -9999 -9999 -9999 -9999 -9999 -9999 -9999 -9999 -9999 -9999 -9999 -9999 -9999 -9999 -9999 -9999 -9999 -9999 -9999 -9999 -9999 -9999 -9999 -9999 -9999 -9999 -9999 -9999 -9999 -9999 -9999 -9999 -9999 -9999 -9999 -9999 -9999 140 141 151 137 135 135 130 138 143 135 121 156 157 154 173 155 172
-9999 -9999 -9999 -9999 -9999 -9999 -9999 -9999 -9999 -9999 -9999 -9999 -9999 -9999 -9999 -9999 -9999 -9999 -9999 -9999 -9999 -9999 -9999 -9999 -9999 -9999 -9999 -9999 -9999 -9999 -9999 -9999 -9999 -9999 -9999 -9999 -9999 -9999 -9999 -9999 -9999 -9999 -9999 -9999 -9999 -9999 -9999 -9999 -9999 -9999 -9999 -9999 -9999 -9999 -9999 -9999 -9999 -9999 -9999 -9999 -9999 -9999 -9999 -9999 -9999 -9999 -9999 -9999 -9999 -9999 -9999 121 -9999 -9999 -9999 117 134 128 132 133 -9999 124 104 129 138 140 139 143
-9999 -9999 -9999 -9999 -9999 -9999 -9999 -9999 -9999 -9999 -9999 -9999 -9999 -9999 -9999 -9999 -9999 -9999 -9999 -9999 -9999 -9999 -9999 -9999 -9999 -9999 -9999 -9999 -9999 -9999 -9999 -9999 -9999 -9999 -9999 -9999 -9999 -9999 -9999 -9999 -9999 -9999 -9999 -9999 -9999 -9999 -9999 -9999 -9999 -9999 -9999 -9999 -9999 -9999 -9999 -9999 -9999 -9999 -9999 -9999 -9999 -9999 -9999 -9999 -9999 -9999 -9999 -9999 -9999 -9999 -9999 -9999 -9999 -9999 -9999 -9999 -9999 -9999 -9999 -9999 -9999 -9999 148 136 144 135 140 142
-9999 -9999 -9999 -9999 -9999 -9999 -9999 -9999 -9999 -9999 -9999 -9999 -9999 -9999 -9999 -9999 -9999 -9999 -9999 -9999 -9999 -9999 -9999 -9999 -9999 -9999 -9999 -9999 -9999 -9999 -9999 -9999 -9999 -9999 -9999 -9999 -9999 -9999 -9999 -9999 -9999 -9999 -9999 -9999 -9999 -9999 -9999 -9999 -9999 -9999 -9999 -9999 -9999 -9999 -9999 -9999 -9999 -9999 -9999 -9999 -9999 -9999 -9999 -9999 -9999 -9999 -9999 -9999 -9999 -9999 -9999 -9999 -9999 -9999 -9999 -9999 -9999 -9999 -9999 -9999 -9999 -9999 -9999 -9999 -9999 -9999 -9999 -9999
-9999 -9999 -9999 -9999 -9999 -9999 -9999 -9999 -9999 -9999 -9999 -9999 -9999 -9999 -9999 -9999 -9999 -9999 -9999 -9999 -9999 -9999 -9999 -9999 -9999 -9999 -9999 -9999 -9999 -9999 -9999 -9999 -9999 -9999 -9999 -9999 -9999 -9999 -9999 -9999 -9999 -9999 -9999 -9999 -9999 -9999 -9999 -9999 -9999 -9999 -9999 -9999 -9999 -9999 -9999 -9999 -9999 -9999 -9999 -9999 -9999 -9999 -9999 -9999 -9999 -9999 -9999 -9999 -9999 -9999 -9999 -9999 -9999 -9999 -9999 -9999 -9999 -9999 -9999 -9999 -9999 -9999 -9999 -9999 -9999 -9999 -9999 -9999
-9999 -9999 -9999 -9999 -9999 -9999 -9999 -9999 -9999 -9999 -9999 -9999 -9999 -9999 -9999 -9999 -9999 -9999 -9999 -9999 -9999 -9999 -9999 -9999 -9999 -9999 -9999 -9999 -9999 -9999 -9999 -9999 -9999 -9999 -9999 -9999 -9999 -9999 -9999 -9999 -9999 -9999 -9999 -9999 -9999 -9999 -9999 -9999 -9999 -9999 -9999 -9999 -9999 -9999 -9999 -9999 -9999 -9999 -9999 -9999 -9999 -9999 -9999 -9999 -9999 -9999 -9999 -9999 -9999 -9999 -9999 -9999 -9999 -9999 -9999 -9999 -9999 -9999 -9999 -9999 -9999 -9999 -9999 -9999 -9999 -9999 -9999 -9999
-9999 -9999 -9999 -9999 -9999 -9999 -9999 -9999 -9999 -9999 -9999 -9999 -9999 -9999 -9999 -9999 -9999 -9999 -9999 -9999 -9999 -9999 -9999 -9999 -9999 -9999 -9999 -9999 -9999 -9999 -9999 -9999 -9999 -9999 -9999 -9999 -9999 -9999 -9999 -9999 -9999 -9999 -9999 -9999 -9999 -9999 -9999 -9999 -9999 -9999 -9999 -9999 -9999 -9999 -9999 -9999 -9999 -9999 -9999 -9999 -9999 -9999 -9999 -9999 -9999 -9999 -9999 -9999 -9999 -9999 -9999 -9999 -9999 -9999 -9999 -9999 -9999 -9999 -9999 -9999 -9999 -9999 -9999 -9999 -9999 -9999 -9999 153
-9999 -9999 -9999 -9999 -9999 -9999 -9999 -9999 -9999 -9999 -9999 -9999 -9999 -9999 -9999 -9999 -9999 -9999 -9999 -9999 -9999 -9999 -9999 -9999 -9999 -9999 -9999 -9999 -9999 -9999 -9999 -9999 -9999 -9999 -9999 -9999 -9999 -9999 -9999 -9999 -9999 -9999 -9999 -9999 -9999 -9999 -9999 -9999 -9999 -9999 -9999 -9999 -9999 -9999 -9999 -9999 -9999 -9999 -9999 -9999 -9999 -9999 -9999 -9999 -9999 -9999 -9999 -9999 -9999 -9999 -9999 -9999 -9999 -9999 -9999 -9999 -9999 -9999 -9999 -9999 -9999 -9999 -9999 -9999 -9999 -9999 -9999 -9999
