PySEBS/DATA/BasicData/dem_jls.asc
ncols         967
nrows         544
xllcorner     121.63896373
yllcorner     40.862262845556
cellsize      0.01
NODATA_value  -9999
[rows 117 to 155 of 544, columns 88 to 175 of 967]
160 151 154 149 150 145 158 161 161 158 153 155 157 151 145 140 144 151 149 152 149 156 145 157 147 151 153 155 146 143 153 145 152 148 148 144 150 158 144 147 142 153 154 133 133 149 140 151 157 137 147 145 142 139 143 141 139 139 135 135 138 134 139 139 141 140 138 142 138 143 135 144 135 127 130 134 130 131 135 126 132 141 135 140 148 134 132 124
158 158 155 150 156 164 155 146 157 155 149 151 157 160 153 150 136 140 153 150 152 148 144 155 157 152 157 141 147 146 145 146 147 156 146 146 138 148 147 146 155 147 151 151 158 144 146 146 144 153 143 138 139 139 141 135 136 138 136 139 133 134 146 135 141 157 136 132 132 145 131 138 144 139 132 134 137 135 134 135 143 137 142 132 131 133 135 137
155 159 153 150 173 162 144 145 148 157 142 152 144 147 153 146 150 145 145 154 149 149 158 159 143 145 141 149 147 148 148 168 161 154 161 147 148 152 146 151 155 154 151 145 145 174 146 143 153 140 151 139 138 145 136 140 136 141 139 150 147 108 127 143 143 134 136 139 132 134 148 134 138 137 137 116 136 133 143 137 134 137 131 133 133 136 124 131
163 160 167 153 154 153 146 150 153 152 158 161 156 160 153 144 140 147 158 156 151 145 151 143 147 146 151 151 147 157 149 147 152 155 144 150 145 147 145 145 145 158 153 149 146 140 142 145 147 145 144 139 144 151 139 140 139 144 143 147 134 136 144 153 144 149 150 139 156 137 154 134 138 138 141 129 136 137 129 139 136 137 134 138 135 131 133 129
126 164 155 156 155 152 148 145 158 153 158 154 152 150 152 146 156 158 161 161 148 152 150 156 151 146 149 154 150 151 138 150 143 146 149 149 147 143 155 150 155 148 147 172 145 144 144 151 146 148 140 144 142 146 149 147 142 143 146 136 136 138 135 145 138 146 144 140 132 159 153 136 136 137 141 135 132 136 137 136 134 124 121 139 127 135 138 130
172 159 159 162 158 153 157 157 151 152 155 148 163 148 161 156 155 146 153 144 152 145 140 154 146 155 148 147 153 151 140 149 148 146 146 144 145 142 146 145 142 144 144 142 149 141 144 144 141 141 143 152 145 156 143 151 145 148 149 147 135 133 137 147 144 137 139 135 143 162 143 142 148 138 135 138 136 135 116 137 133 139 137 127 133 136 131 134
157 168 156 155 155 158 161 155 163 154 150 150 146 153 148 149 153 149 151 155 151 146 149 143 150 151 143 148 149 144 145 152 151 146 155 149 145 151 161 146 145 145 146 146 149 143 143 146 139 150 145 128 119 141 141 143 153 156 140 161 138 140 147 126 148 139 150 137 146 137 138 141 125 136 133 137 129 123 123 131 136 135 134 139 132 136 134 130
153 153 158 158 152 156 150 160 157 157 151 157 155 158 156 151 162 154 153 164 149 156 148 148 140 151 162 158 148 139 150 149 159 146 145 151 153 167 142 145 148 153 146 142 153 134 137 149 155 142 128 142 137 137 134 147 153 145 147 142 136 146 146 144 148 126 139 152 137 133 142 143 128 137 150 133 141 133 135 139 135 135 133 134 129 135 133 130
165 154 154 149 152 158 153 151 163 154 158 157 153 162 156 149 153 142 146 152 150 149 150 148 149 144 158 150 149 148 145 153 156 145 146 148 148 145 146 148 144 151 144 157 145 146 153 148 141 157 138 146 141 136 152 151 146 157 144 144 141 136 140 134 138 137 142 135 138 88 138 133 133 117 141 135 142 140 135 133 136 136 138 136 134 129 130 129
150 152 161 160 157 155 152 152 150 149 161 152 154 146 157 154 148 156 150 153 143 146 148 150 149 155 151 152 148 145 157 153 144 142 142 159 153 156 145 148 146 148 147 140 142 148 149 147 146 138 140 125 130 136 137 149 155 148 148 142 142 138 140 140 136 138 143 137 140 130 149 141 113 133 130 138 126 104 133 141 133 134 128 148 135 135 134 134
157 158 160 168 161 158 158 154 154 158 159 147 159 154 152 155 155 151 146 166 154 148 146 145 149 154 141 147 152 147 153 150 142 147 149 161 162 161 144 146 150 149 137 140 149 142 149 145 140 135 124 153 133 142 133 146 139 143 145 137 135 123 129 142 149 144 136 136 143 143 144 134 133 137 139 122 135 130 131 135 138 130 129 138 128 125 131 136
151 160 154 151 150 157 154 168 156 153 157 155 158 160 160 141 151 153 153 146 151 147 163 161 151 146 147 140 146 146 152 150 157 147 143 148 148 148 146 150 147 144 137 146 145 147 140 149 149 139 140 147 129 140 138 140 138 138 143 145 140 143 146 140 125 132 144 143 129 139 135 136 137 136 135 144 141 142 133 121 135 133 130 130 129 134 130 130
159 159 152 157 156 154 153 156 151 153 158 149 158 148 157 145 149 150 153 158 161 154 160 160 146 161 148 158 156 156 144 148 135 143 145 143 145 143 142 141 158 140 141 146 145 148 146 147 146 148 141 156 159 139 148 136 139 133 135 157 137 132 135 134 132 157 125 137 137 138 103 139 142 137 136 134 145 141 140 138 136 130 130 134 122 131 134 134
172 164 155 157 153 155 154 153 151 156 159 148 159 155 158 157 161 160 150 152 142 161 153 152 145 156 147 158 148 145 162 155 153 139 145 139 147 141 151 154 140 149 153 146 152 140 138 145 131 140 134 138 146 155 152 138 145 145 153 143 144 134 132 132 143 150 129 138 136 133 135 129 130 138 135 134 145 138 129 137 134 129 123 130 94 130 135 127
154 162 163 165 168 160 150 164 162 153 155 145 146 154 145 158 161 150 143 139 153 160 153 149 147 146 155 146 146 143 143 147 147 142 142 149 144 147 138 150 150 143 142 144 139 153 140 143 133 137 121 140 134 107 142 131 136 143 138 134 144 138 137 146 142 132 147 132 139 142 137 102 130 134 132 130 135 135 135 134 125 132 139 133 135 129 134 137
142 167 163 158 162 160 162 149 155 163 163 149 154 148 147 153 163 159 152 158 149 148 151 149 146 143 145 145 147 155 153 149 150 144 151 152 143 146 146 147 145 139 153 149 144 145 148 135 139 145 146 142 138 136 137 136 138 132 134 130 125 138 126 127 137 142 131 135 137 129 135 133 135 136 137 135 135 143 139 136 136 131 139 137 130 130 136 130
163 151 156 153 167 160 175 158 154 157 162 161 150 148 162 158 158 155 167 168 148 149 149 149 143 153 156 141 151 143 145 145 144 145 149 149 142 148 155 156 156 140 146 139 136 152 148 153 143 143 143 137 136 145 137 141 134 137 134 131 149 103 107 135 138 133 135 124 126 130 140 140 130 136 133 136 138 137 135 142 134 138 134 131 132 129 131 125
161 167 162 164 140 166 162 158 152 156 153 162 153 157 158 158 159 164 160 155 148 148 149 156 146 146 148 144 147 146 150 150 151 145 145 147 145 144 145 149 143 147 142 144 148 150 142 142 143 142 140 138 143 133 135 141 139 138 147 103 130 142 137 138 144 134 134 140 119 139 136 136 128 135 137 124 136 138 138 138 133 135 133 139 137 133 131 126
176 169 165 153 159 160 161 156 165 167 162 165 162 154 156 163 157 159 155 148 148 147 158 154 148 152 146 145 151 150 148 145 150 144 146 144 145 142 146 147 148 139 140 144 142 147 134 152 147 143 132 138 135 140 134 134 139 137 134 126 136 142 148 143 145 137 136 141 141 131 134 135 138 138 134 125 136 135 136 132 131 133 136 132 132 133 134 136
170 172 168 177 164 176 157 163 163 156 162 161 149 149 151 154 148 167 156 154 147 154 154 162 142 155 150 143 141 155 146 153 153 144 147 151 150 146 143 145 145 164 147 143 148 142 138 141 133 142 140 141 133 148 140 141 137 133 135 134 137 137 143 141 138 143 133 133 136 134 127 133 136 133 133 138 131 133 130 136 125 135 136 135 130 130 134 144
158 162 161 169 162 158 162 154 164 157 161 163 166 155 148 153 154 162 155 157 155 153 146 161 154 160 147 154 150 141 149 147 158 152 143 144 147 149 138 154 142 149 142 148 155 154 137 147 142 139 144 141 141 146 134 138 104 142 135 137 138 143 138 130 112 135 137 136 137 135 133 139 142 133 134 132 133 141 134 131 134 128 140 134 128 131 128 129
167 168 155 159 153 153 159 157 154 157 154 163 160 154 157 172 158 150 149 148 156 154 167 169 161 149 161 154 164 153 154 148 146 152 151 150 152 147 146 147 148 156 143 148 146 145 156 138 140 142 143 140 129 139 134 138 145 137 133 137 134 141 141 136 138 127 140 140 142 138 130 136 139 133 137 138 136 143 135 133 132 128 131 128 134 132 139 145
156 152 155 158 165 152 173 160 156 166 172 161 161 162 163 164 156 146 149 146 157 163 157 146 151 153 160 149 152 150 158 152 149 148 146 142 143 142 148 150 146 146 137 143 132 133 143 152 134 140 146 138 129 132 145 137 104 136 145 138 143 135 130 137 144 133 143 135 136 139 143 136 138 146 135 108 131 139 136 129 138 131 130 138 135 136 131 135
149 153 156 151 154 164 160 156 154 165 151 164 154 154 162 172 167 154 152 151 154 153 148 153 145 155 150 166 152 147 148 157 163 146 146 146 153 154 145 147 147 144 142 140 140 147 146 150 155 144 141 137 144 139 156 144 149 105 144 141 135 140 142 137 136 135 141 122 133 131 136 136 134 135 117 137 134 130 136 133 132 135 124 128 126 136 128 131
159 166 150 159 163 161 159 158 162 148 159 154 153 150 155 156 154 157 147 172 152 154 150 149 144 162 147 164 155 156 161 156 147 149 147 148 154 149 142 141 145 152 149 144 148 143 144 140 141 140 145 140 140 150 141 141 133 131 136 136 148 136 133 140 126 130 139 133 139 135 132 133 130 133 137 135 133 138 133 133 131 130 130 114 124 127 133 133
156 159 162 174 171 155 153 167 158 171 156 159 150 169 157 161 155 154 149 154 157 149 159 146 147 156 146 164 165 163 149 152 155 147 152 156 149 150 141 148 148 152 139 144 149 139 148 142 146 141 145 134 143 148 145 147 145 148 140 142 140 135 133 134 133 137 137 138 135 136 138 143 134 136 135 134 131 135 128 130 137 136 139 125 119 129 133 131
164 161 155 171 171 168 168 156 155 164 174 154 157 150 153 162 158 157 145 150 155 149 150 164 152 162 169 155 150 149 150 149 150 155 156 152 158 145 156 153 139 146 149 142 147 133 155 146 139 153 142 143 136 129 139 132 137 136 131 139 139 137 137 135 139 145 135 133 138 149 144 146 133 135 134 136 132 134 130 141 140 136 135 129 131 130 134 133
152 167 163 159 158 158 164 168 161 154 158 160 161 161 157 164 162 156 165 162 151 151 156 150 145 151 151 153 146 147 152 152 157 151 151 153 157 159 145 148 146 147 145 151 149 151 145 142 145 139 135 147 137 139 140 138 139 138 133 141 137 133 141 146 149 151 144 138 146 142 135 136 138 136 138 134 134 137 132 136 135 136 133 135 132 135 134 131
166 154 167 172 167 167 170 159 156 172 151 163 153 166 168 164 165 160 171 146 151 157 157 153 160 156 142 155 146 155 149 147 158 151 155 148 169 159 155 151 154 149 146 148 142 148 143 147 144 143 142 138 142 138 142 133 137 135 139 131 133 148 155 142 140 146 113 144 137 138 135 133 137 132 136 139 138 137 134 138 130 132 133 130 132 132 132 137
163 161 159 157 149 167 161 152 159 166 158 161 164 155 162 160 165 169 148 161 160 158 150 147 154 154 149 151 145 150 151 161 161 160 162 156 151 150 163 144 151 144 155 141 138 141 144 143 139 139 151 146 141 141 145 144 145 151 143 140 140 139 141 137 137 136 146 137 139 138 144 136 138 135 136 141 129 135 140 135 132 130 130 131 126 135 129 133
173 161 164 170 162 158 158 168 163 175 168 157 157 171 165 159 150 156 163 159 159 165 151 167 158 150 148 168 156 154 156 154 156 160 154 153 153 150 149 155 156 146 147 147 144 145 145 138 145 140 147 149 139 143 152 147 140 146 143 139 145 139 137 134 137 135 137 144 136 134 139 135 136 136 134 136 134 134 135 137 135 136 133 131 136 133 138 143
155 169 147 162 165 163 151 156 153 163 159 154 163 158 166 164 167 171 156 162 163 171 157 160 159 163 155 165 159 152 161 155 156 144 161 155 159 150 149 153 164 150 149 151 145 142 147 142 124 139 148 139 132 132 144 142 146 147 144 143 144 136 139 141 134 139 138 133 136 136 133 122 137 139 140 134 139 133 135 132 134 135 129 136 137 134 131 132
166 159 163 169 158 152 169 162 154 155 165 153 164 165 155 165 169 161 159 150 163 161 150 157 152 153 164 156 165 156 155 157 155 158 147 148 153 143 153 160 149 142 159 143 144 138 139 148 142 148 143 149 142 136 142 148 147 151 149 142 140 139 141 138 137 136 136 113 148 101 134 142 139 131 138 137 141 132 136 135 138 140 135 132 131 126 138 140
151 163 142 166 164 158 168 160 145 151 154 156 164 155 160 155 160 154 152 165 157 152 152 166 153 149 151 161 150 148 166 158 155 157 153 153 144 155 165 144 143 142 146 139 145 153 153 142 151 163 142 160 156 152 144 150 161 142 141 141 140 146 136 145 143 139 139 137 116 105 137 137 137 137 128 144 142 137 138 134 131 133 137 136 120 130 129 118
162 159 170 159 155 159 165 160 157 157 156 155 160 153 156 156 159 160 155 161 160 166 153 155 148 159 172 154 151 159 154 163 164 158 155 152 159 154 156 147 152 172 148 150 149 143 146 140 154 146 168 159 158 140 124 147 144 142 156 147 143 136 124 150 145 139 140 144 145 139 141 139 132 138 139 137 137 137 136 141 134 132 134 134 137 129 129 135
163 167 157 159 154 151 161 153 153 154 166 164 158 151 155 155 159 153 160 150 151 154 147 155 154 157 161 151 158 160 156 148 154 150 150 158 139 144 147 156 150 149 147 147 151 146 149 139 147 149 143 142 135 141 137 144 133 144 152 144 146 140 140 140 146 101 120 107 138 137 137 138 145 142 140 139 136 139 138 137 133 143 136 141 141 129 130 129
160 167 169 156 167 159 164 165 164 163 154 162 159 163 163 156 164 165 160 158 161 149 157 163 151 150 162 174 161 153 155 162 156 157 159 157 160 162 152 146 152 153 154 161 166 141 140 143 148 144 143 148 144 144 142 137 153 161 165 145 143 140 136 129 160 119 136 146 146 117 139 127 150 138 133 144 140 136 133 129 139 141 137 143 145 136 123 136
160 161 165 154 158 158 160 168 158 160 153 160 162 161 160 154 165 160 150 158 160 163 150 165 156 158 157 148 154 159 165 163 168 160 163 157 163 151 152 157 158 157 143 143 141 138 140 144 147 140 139 146 135 145 147 143 149 143 155 153 149 137 140 139 144 147 140 141 133 138 149 148 168 169 132 147 142 135 142 132 143 133 139 138 133 138 126 136
147 158 158 157 150 150 165 160 162 162 169 156 155 154 161 155 143 145 160 179 154 162 153 154 151 152 149 153 158 151 152 157 159 155 164 160 153 153 147 148 152 155 161 163 149 145 153 151 149 150 143 151 149 150 158 142 148 151 124 144 144 143 138 146 151 141 137 134 142 121 159 148 151 160 139 137 146 142 140 129 133 130 132 129 116 129 124 126
